vertex 0   0 18
vertex 1   2 16 22
vertex 4   5 8 10 13
vertex 5   7 11
vertex 6   0 5 8 10 13 18 22 25 28 30 32 34 36 39
vertex 7   7 11
vertex 8   7 11
vertex 9   6 7 11 12 22 25 28 30 32 34 36
vertex 11   6 7 11 12
vertex 12   25 32 34 36 39 40
vertex 13   6 7 11 12 25
vertex 14   6 7 11 12
vertex 15   7 11
vertex 17   7 11 29 36
vertex 18   2 5 6 12 13 16 22
vertex 19   7 11
vertex 21   5 7 11 13
vertex 23   2 6 12
vertex 28   0 18 25 29 36
vertex 29   6 12
vertex 30   6 8 10 12 14 16 18
vertex 36   2 6 8 10 12 14 16 18 25 40
sector  0 20    9 10 3 2         -3 1 11 22
sector  0 20    25 9 2 29 30     -1 12 11 0 21
sector  0 20    53 58 68 70 3 32 43      -1 20 -1 3 -3 25 22
sector  0 14    67 68 58 57 56 55        -1 21 36 2 -1 4
sector  0 12    56 57 28 27      -1 -3 3 -3
sector  16 28    74 81 82 77 76 75       18 -2 7 -2 6 -2
sector  16 28    16 15 69 77 82  5 35 8 10 -2
sector  16 28    81 74 66 12 11  23 -2 5 -2 10
sector  16 36    16 1 8 15       -2 6 -2 24
sector  16 36    13 14 7 6       24 -2 10 -2
sector  16 26    66 69 15 14 13 12       -2 7 -2 6 -2 9
sector  2 20    25 26 10 9       0 1 12 22
sector  4 20    30 31 26 25      11 1 13 22
sector  6 20    41 42 31 30      12 -1 14 -1
sector  8 20    51 52 42 41      13 19 15 20
sector  10 24    59 60 52 51     14 -1 16 -1
sector  12 24    61 62 60 59     15 -1 17 -1
sector  14 28    72 73 62 61     16 -1 18 -1
sector  16 28    75 76 73 72     17 -1 5 -1
sector  8 14    50 51 41 40      -1 21 -1 14
sector  8 14    52 53 43 42      -1 14 -1 2
sector  0 20    67 55 50 40 29 2 65      -3 -3 3 -1 19 -1 1
sector  0 20    26 31 32 3 10    0 11 12 -1 2
sector  16 36    12 5 0 11       -2 7 -2 24
sector  16 36    5 6 7 8 1 0     -2 23 -2 9 -2 8
sector  0 16    71 33 17 4 3 70  2 -3 -3 26 -3 -3
sector  0 16    19 17 33 35      -1 27 -1 25
sector  2 16    20 19 35 36      -1 28 -1 26
sector  4 18    37 21 20 36      27 -1 29 -1
sector  6 20    38 22 21 37      28 33 30 -1
sector  8 22    39 23 22 38      29 32 31 -1
sector  10 24    47 48 24 23 39  30 32 -1 -1 -1
sector  12 26    46 47 39 38     30 33 -1 31
sector  14 28    45 46 38 37     29 34 -1 32
sector  16 30    54 45 37 34     -2 35 -1 33
sector  16 30    16 82 83 54 34 18       -2 -2 6 50 -2 34
sector  0 10    80 68 67 79      -1 38 -1 3
sector  0 10    86 79 78         -1 39 38
sector  0 10    87 80 79 86      37 -1 -1 36
sector  0 16    96 88 86 78 95   -1 -1 40 -1 37
sector  2 16    97 89 88 96      39 -1 41 -1
sector  4 16    98 90 89 97      40 -1 42 -1
sector  6 16    99 91 90 98      41 -1 43 -1
sector  6 16    100 92 91 99     42 -1 44 -1
sector  8 16    101 93 92 100    43 -1 45 -1
sector  10 20    102 94 93 101   44 -1 50 -1
sector  12 22    85 64 63 84     47 48 49 51
sector  12 35    103 84 63 44 83         -1 50 48 46 51
sector  12 35    85 84 103 104   -1 49 46 47
sector  12 35    49 64 85 104    48 -1 51 46
sector  12 22    102 103 83 82 94        -1 45 -1 47 35
sector  12 35    64 49 44 63     47 46 49 -1
player  2 6 6 0
player 2 6 6