vertex 0   0 6 28
vertex 2   1 18
vertex 5   4 6 18 21
vertex 6   9 11 13 14 18
vertex 7   5 7 8 9 11 13 14 15 17 19 21
vertex 8   4 6
vertex 10   4 6
vertex 11   5 7 8 9 11 13 14 15 17 19 21
vertex 12   9 11 13 14 18
vertex 13   4 6 18 21
vertex 16   1 18
vertex 18   0 6 28
vertex 22   1 6 9 18
vertex 25   6 9 13 28
vertex 28   6 9
vertex 30   6 9
vertex 32   6 9 12
vertex 34   6 9 12
vertex 36   6 9 12
vertex 39   6 12
sector  0 20    3 14 29 49       -1 1 11 22
sector  0 20    17 15 14 3 9     -1 12 11 0 21
sector  0 20    41 42 43 44 50 49 40     -1 20 -1 3 -1 25 22
sector  0 14    12 13 44 43 35 20        -1 21 -1 2 -1 4
sector  0 12    16 20 35 31      -1 -1 3 -1
sector  16 28    24 8 2 53 48 39         18 -1 7 -1 6 -1
sector  16 28    53 52 46 47 48  5 35 8 10 -1
sector  16 28    1 2 8 7 6       23 -1 5 -1 10
sector  16 36    46 52 51 45     -1 6 -1 24
sector  16 36    25 26 28 27     24 -1 10 -1
sector  16 26    6 7 47 46 28 26         -1 7 -1 6 -1 9
sector  2 20    14 15 30 29      0 1 12 22
sector  4 20    15 17 32 30      11 1 13 22
sector  6 20    17 18 33 32      12 -1 14 -1
sector  8 20    18 19 34 33      13 19 15 20
sector  10 24    19 21 36 34     14 -1 16 -1
sector  12 24    21 22 37 36     15 -1 17 -1
sector  14 28    22 23 38 37     16 -1 18 -1
sector  16 28    23 24 39 38     17 -1 5 -1
sector  8 14    10 11 19 18      -1 21 -1 14
sector  8 14    33 34 42 41      -1 14 -1 2
sector  0 20    4 13 12 11 10 9 3        -1 -1 3 -1 19 -1 1
sector  0 20    29 30 32 40 49   0 11 12 -1 2
sector  16 36    1 6 5 0         -1 7 -1 24
sector  16 36    0 5 25 27 45 51         -1 23 -1 9 -1 8
sector  0 16    50 57 56 55 54 49        2 -1 -1 26 -1 -1
sector  0 16    63 62 55 56      -1 27 -1 25
sector  2 16    65 64 62 63      -1 28 -1 26
sector  4 18    65 67 66 64      27 -1 29 -1
sector  6 20    67 70 69 66      28 33 30 -1
sector  8 22    70 73 72 69      29 32 31 -1
sector  10 24    73 74 76 75 72  30 32 -1 -1 -1
sector  12 26    70 71 74 73     30 33 -1 31
sector  14 28    67 68 71 70     29 34 -1 32
sector  16 30    59 60 68 67     -1 35 -1 33
sector  16 30    58 52 53 61 60 59       -1 -1 6 -1 -1 34
player  2 6 6 0

